104  3  0  0
   1    109.59569999999999  -5.6005539999999998  5.19808
   2    -1.525879e-005  6.5885249999999997  -50.092460000000003
   3    50.298369999999998  335.7167  5.1981510000000002
   4    63.98753  63.890509999999999  5.1980919999999999
   5    51.884830000000001  121.7822  5.1981010000000003
   6    94.121700000000004  -103.7757  5.1980750000000002
   7    97.822919999999996  33.410589999999999  -32.770600000000002
   8    51.884830000000001  6.5885150000000001  -32.770609999999998
   9    97.822919999999996  33.410589999999999  5.1980899999999997
  10    63.98753  63.890509999999999  -32.770600000000002
  11    51.884830000000001  6.5885090000000002  5.1980820000000003
  12    34.071559999999998  -29.001830000000002  -32.770609999999998
  13    34.071559999999998  -29.001830000000002  5.1980740000000001
  14    109.59569999999999  -5.6005469999999997  -32.770609999999998
  15    98.509479999999996  -35.783830000000002  -32.770620000000001
  16    129.33789999999999  -17.283480000000001  -32.770609999999998
  17    114.84350000000001  -7.7749920000000001  -32.770609999999998
  18    98.509479999999996  -35.783839999999998  5.1980709999999997
  19    45.721240000000002  190.0814  -32.770560000000003
  20    51.884830000000001  121.7822  -32.770589999999999
  21    45.721240000000002  190.0814  5.1981270000000004
  22    -1.525879e-005  121.7822  16.58877
  23    40.98554  258.1447  -32.77055
  24    40.98554  258.1447  5.1981359999999999
  25    -1.525879e-005  335.7167  -49.557380000000002
  26    50.298369999999998  335.7167  -32.770539999999997
  27    129.33789999999999  -17.28349  5.1980779999999998
  28    114.84350000000001  -7.7750000000000004  5.19808
  29    102.90300000000001  -105.8325  5.1980729999999999
  30    129.3126  -106.792  -32.770609999999998
  31    94.177260000000004  -69.272189999999995  5.1980729999999999
  32    35.586350000000003  -69.17783  5.1980729999999999
  33    138.22409999999999  -36.857579999999999  -32.770609999999998
  34    103.8584  -35.898040000000002  5.1980709999999997
  35    148.58150000000001  -72.296350000000004  5.1980709999999997
  36    138.22409999999999  -36.857570000000003  5.1980709999999997
  37    103.8584  -35.898040000000002  -32.770620000000001
  38    66.329669999999993  -102.6451  -32.770609999999998
  39    66.329669999999993  -102.6451  5.1980760000000004
  40    94.121700000000004  -103.7757  -32.770609999999998
  41    35.586350000000003  -69.17783  -32.770609999999998
  42    94.177260000000004  -69.272189999999995  -32.770609999999998
  43    129.3126  -106.792  5.1980719999999998
  44    103.6395  -71.33681  5.1980709999999997
  45    148.58150000000001  -72.296350000000004  -32.770609999999998
  46    102.90300000000001  -105.8325  -32.770620000000001
  47    103.6395  -71.33681  -32.770620000000001
  48    -97.822950000000006  33.410589999999999  -32.770600000000002
  49    -1.525879e-005  6.5885059999999998  19.24241
  50    -51.884860000000003  6.5885090000000002  5.1980820000000003
  51    -50.298400000000001  335.7167  5.1981510000000002
  52    -1.525879e-005  63.890540000000001  -48.407179999999997
  53    -51.884860000000003  121.7822  5.1981010000000003
  54    -1.525879e-005  63.890509999999999  19.242419999999999
  55    -51.884860000000003  6.5885150000000001  -32.770609999999998
  56    -66.329700000000003  -102.6451  5.1980760000000004
  57    -94.121719999999996  -103.7757  5.1980750000000002
  58    -109.59569999999999  -5.6005469999999997  -32.770609999999998
  59    -63.987560000000002  63.890509999999999  -32.770600000000002
  60    -97.822950000000006  33.410589999999999  5.1980899999999997
  61    -63.987560000000002  63.890509999999999  5.1980919999999999
  62    -138.22409999999999  -36.857570000000003  5.1980709999999997
  63    -129.33789999999999  -17.283480000000001  -32.770609999999998
  64    -98.509510000000006  -35.783839999999998  5.1980709999999997
  65    -109.59569999999999  -5.6005539999999998  5.19808
  66    -103.8584  -35.898040000000002  5.1980709999999997
  67    -103.8584  -35.898040000000002  -32.770620000000001
  68    -114.8436  -7.7749920000000001  -32.770609999999998
  69    -51.884860000000003  121.7822  -32.770589999999999
  70    -1.525879e-005  121.7822  -47.026719999999997
  71    -45.72128  190.0814  5.1981270000000004
  72    -1.525879e-005  258.1447  -43.386969999999998
  73    -1.525879e-005  190.0814  -44.23836
  74    -45.72128  190.0814  -32.770560000000003
  75    -40.985570000000003  258.1447  5.1981359999999999
  76    -1.525879e-005  190.0814  13.88101
  77    -50.298400000000001  335.7167  -32.770539999999997
  78    -40.985570000000003  258.1447  -32.77055
  79    -1.525879e-005  258.1447  11.359170000000001
  80    -1.525879e-005  335.7167  19.24248
  81    -114.8436  -7.7750000000000004  5.19808
  82    -129.33789999999999  -17.28349  5.1980779999999998
  83    -129.31270000000001  -106.792  -32.770609999999998
  84    -129.31270000000001  -106.792  5.1980719999999998
  85    -138.22409999999999  -36.857579999999999  -32.770609999999998
  86    -34.07159  -29.001830000000002  5.1980740000000001
  87    -35.586379999999998  -69.17783  5.1980729999999999
  88    -35.586379999999998  -69.17783  -32.770609999999998
  89    -34.07159  -29.001830000000002  -32.770609999999998
  90    -94.177289999999999  -69.272189999999995  5.1980729999999999
  91    -98.509510000000006  -35.783830000000002  -32.770620000000001
  92    -148.58150000000001  -72.296350000000004  -32.770609999999998
  93    -66.329700000000003  -102.6451  -32.770609999999998
  94    -94.121719999999996  -103.7757  -32.770609999999998
  95    -94.177289999999999  -69.272189999999995  -32.770609999999998
  96    -148.58150000000001  -72.296350000000004  5.1980709999999997
  97    -102.90300000000001  -105.8325  5.1980729999999999
  98    -103.6395  -71.33681  -32.770620000000001
  99    -103.6395  -71.33681  5.1980709999999997
 100    -102.90300000000001  -105.8325  -32.770620000000001
 101    12.300045694213605  277.11430157542338  9.8525429215617297
 102    -12.300076122521428  277.1143016329454  9.852542916993146
 103    -17.34791048336956  167.24530264956255  -40.404067473697701
 104    17.34787676947489  167.24530708487003  -40.404068218407538
# Generated by tetgen -p omard.stl 
