176  4  0
    1      97    99    83    84
    2      52    54    20    22
    3      19    20     5   104
    4      78    25    77   102
    5      76    78    73    74
    6      66    63    62    82
    7      52    20    70    22
    8      99   100    97    83
    9      54     8    10    11
   10      44    36    35    33
   11      72    79    23   101
   12      48    50    60    65
   13      99    96    83    84
   14      78    75    79   102
   15       8    54    49    11
   16      89    91    88    64
   17      12     8    18    15
   18      85    96    99    62
   19      68    66    58    65
   20      48    55    50    58
   21      34    18    14    15
   22      63    85    66    62
   23      54    52    20    10
   24      85    63    66    67
   25      98    85    66    67
   26       1    34    18    14
   27      63    68    66    67
   28       8    52    54    10
   29      19     5    21   104
   30      44    46    30    29
   31      52    55    54    59
   32      49    54     4    11
   33      75    76    78    79
   34      78    72    73    74
   35       6    31    38    39
   36      44    35    45    33
   37      30    44    43    35
   38      85    99    66    62
   39      76    19    21   104
   40      76    75    78    71
   41      76    78    74    71
   42      79    80   101   102
   43      90    94    93    57
   44      72    79   101   102
   45      72    78    79   102
   46      78    76    73    79
   47      72    78    73    79
   48      38    31    40    42
   49      54    50    49    61
   50      55    50    58    64
   51      20    70    22   104
   52      44    45    47    33
   53      95    90    94    93
   54      55    54    50    49
   55      68    66    65    81
   56      18     8    14    15
   57      19    72    73    23
   58      22    70   103   104
   59      20    22     5   104
   60      50    48    58    65
   61      98    85    99    66
   62      44    34    36    33
   63      80    25    26   101
   64      91    89    55    64
   65      31    18    42    41
   66      54    55    50    59
   67      18    15    42    41
   68      52     8    54    49
   69      55    52    54    49
   70      72    25    78   102
   71      58    66    64    65
   72      32    12    13    18
   73      76    19    73    23
   74      69    54    22    53
   75      19    76    21    23
   76      91    55    58    64
   77      93    90    56    87
   78      69    52    70    22
   79      66    91    58    64
   80      88    89    64    87
   81      31     6    38    40
   82      69    52    54    59
   83      66    68    58    67
   84      52    69    54    22
   85      30    44    29    43
   86      34    44    47    33
   87      76    79    24    23
   88      18     1    14    11
   89      75    78    77   102
   90      91    66    58    67
   91      34    47    37    33
   92      69    54    53    61
   93      98   100    99    83
   94      69    74    53   103
   95      54    10     4    11
   96      85    98    99    92
   97      96    85    99    92
   98      99    98    83    92
   99      96    99    83    92
  100      55    48    50    59
  101      55    89    50    64
  102      70    73   103   104
  103      50    58    64    65
  104      25    72   101   102
  105      54    20    22     5
  106      20    54    10     4
  107      14    34    15    37
  108      24     3    26   101
  109      52     8    49     2
  110      55    52    49     2
  111      73    72    79    23
  112      48    50    59    60
  113      66    63    82    81
  114      91    95    88    64
  115      68    63    66    81
  116      50    54    59    61
  117      89    50    64    86
  118      54    69    59    61
  119      50    59    60    61
  120      93    90    57    56
  121      64    89    86    87
  122      95    90    93    87
  123      88    95    93    87
  124      95    88    64    87
  125      90    95    64    87
  126      76    73    79    23
  127      31    32    38    39
  128       8    18    14    11
  129      12    13    18    11
  130       8    12    18    11
  131      77    80    51   102
  132      76    24    21    23
  133      73    76   103   104
  134      20    54     4     5
  135      75    77    51   102
  136      30    44    45    47
  137      19    76    73   104
  138      32    12    18    41
  139      18    12    15    41
  140      31    32    18    41
  141      10     4    11     9
  142      38    31    42    41
  143      32    31    38    41
  144      36    34    16    33
  145      34    37    16    33
  146       1    14    11     7
  147       1    11     9     7
  148      46    44    30    47
  149      14     8    11     7
  150       8    10    11     7
  151      11    10     9     7
  152      26    25    23   101
  153      70    69    22   103
  154      79    24    23   101
  155      24    26    23   101
  156      30    44    35    45
  157      14    34    37    17
  158      34     1    28    17
  159       1    34    14    17
  160      27    34    28    16
  161      28    34    17    16
  162      73    76    74   103
  163      25    72    23   101
  164       3    80    26   101
  165      36    34    27    16
  166      34    37    17    16
  167      22    69    53   103
  168      80    25   101   102
  169      25    80    77   102
  170      74    76    71   103
  171      71    76    22   103
  172      71    22    53   103
  173      74    71    53   103
  174      76    22   103   104
  175      22    76    21   104
  176       5    22    21   104
# Generated by tetgen -p omard.stl 
